001.400   1.64429    -1.248933E+01
001.500   1.64299    -1.362982E+01
002.600   1.62166    -2.363387E+01
003.900   1.58764    -2.957840E+01
004.000   1.58465    -3.020793E+01
004.200   1.57848    -3.158885E+01
005.600   1.53000    -3.621659E+01
007.500   1.46086    -3.499872E+01
008.000   1.44374    -3.342148E+01
008.500   1.42747    -3.167395E+01
009.000   1.41207    -2.994713E+01
009.500   1.39751    -2.831155E+01
010.000   1.38373    -2.683768E+01
010.500   1.37065    -2.550830E+01
011.000   1.35820    -2.430614E+01
012.500   1.32416    -2.116644E+01
013.000   1.31381    -2.025408E+01
018.000   1.22830    -1.525141E+01
018.500   1.22070    -1.517677E+01
023.000   1.140817   -2.076668E+01
024.000   1.125923   -9.417931E+00
025.000   1.119448   -4.596471E+00
026.000   1.115658   -3.185347E+00
027.000   1.112810   -2.578509E+00
028.000   1.110421   -2.246492E+00
029.000   1.108261   -2.080624E+00
030.000   1.106244   -1.962611E+00
031.000   1.104324   -1.880101E+00
032.000   1.102476   -1.819186E+00
034.000   1.098930   -1.731560E+00
039.000   1.090627   -1.609191E+00
040.000   1.089024   -1.597841E+00
042.000   1.085842   -1.586995E+00
044.000   1.082669   -1.586581E+00
046.000   1.079492   -1.591231E+00
048.000   1.076303   -1.598356E+00
050.000   1.073099   -1.605367E+00
052.000   1.069881   -1.612265E+00
054.000   1.066650   -1.619381E+00
056.000   1.063403   -1.627045E+00
058.000   1.060141   -1.635257E+00
060.000   1.056862   -1.643959E+00
065.000   1.048584   -1.667578E+00
070.000   1.040183   -1.693169E+00
075.000   1.031651   -1.719827E+00
077.350   1.027594   -1.732521E+00
080.000   1.022984   -1.746905E+00
085.000   1.014181   -1.774083E+00
090.000   1.005244   -1.800806E+00
095.000   0.996174   -1.827230E+00
100.000   0.986974   -1.852606E+00
 105.000   0.977650   -1.876646E+00
 110.000   0.968209   -1.899452E+00
 115.000   0.958657   -1.921105E+00
 120.000   0.949000   -1.941685E+00
 125.000   0.939242   -1.961193E+00
 130.000   0.929390   -1.979745E+00
 135.000   0.919446   -1.997460E+00
 140.000   0.909416   -2.014338E+00
 145.000   0.899304   -2.030355E+00
 150.000   0.889114   -2.045487E+00
 155.000   0.878851   -2.059734E+00
 160.000   0.868518   -2.073219E+00
 165.000   0.858120   -2.086062E+00
 170.000   0.847659   -2.098264E+00
 175.000   0.837138   -2.109921E+00
 180.000   0.826560   -2.121130E+00
 185.000   0.815928   -2.131890E+00
 190.000   0.805242   -2.142257E+00
 195.000   0.794505   -2.152285E+00
 200.000   0.783720   -2.161975E+00
 205.000   0.772886   -2.171350E+00
 210.000   0.762007   -2.180435E+00
 215.000   0.751082   -2.189231E+00
 220.000   0.740115   -2.197770E+00
 225.000   0.729105   -2.206088E+00
 230.000   0.718054   -2.214182E+00
 235.000   0.706964   -2.222062E+00
 240.000   0.695834   -2.229735E+00
 245.000   0.684667   -2.237201E+00
 250.000   0.673462   -2.244439E+00
 255.000   0.662223   -2.251431E+00
 260.000   0.650949   -2.258175E+00
 265.000   0.639641   -2.264723E+00
 270.000   0.628302   -2.271124E+00
 273.150   0.621141   -2.275081E+00
 275.000   0.616930   -2.277378E+00
 280.000   0.605528   -2.283414E+00
 285.000   0.594097   -2.289158E+00
 290.000   0.582637   -2.294612E+00
 295.000   0.571151   -2.299834E+00
 300.000   0.559639   -2.304880E+00
 305.000   0.548102   -2.309753E+00
 310.000   0.536542   -2.314259E+00
 315.000   0.524961   -2.318207E+00
 320.000   0.513361   -2.321597E+00
 325.000   0.501744   -2.325317E+00
 330.000   0.490106   -2.330256E+00
 335.000   0.478442   -2.334916E+00

